int PWMpin = A0;
int arrSize = 1000;
int sineA[arrSize] = { 128, 12, 238, 96, 85, 222, 2, 242, 99, 33, 246, 114, 36, 255, 12, 203, 121, 43, 255, 85, 37, 253, 60, 121, 194, 16, 254, 60, 67, 255, 74, 68, 246, 1, 230, 83, 78, 253, 47, 72, 255, 30, 158, 160, 39, 254, 29, 107, 250, 39, 106, 227, 1, 247, 50, 117, 237, 18, 114, 244, 10, 193, 124, 69, 242, 8, 150, 232, 14, 146, 199, 11, 255, 23, 157, 209, 2, 157, 220, 0, 222, 87, 105, 219, 0, 191, 201, 1, 185, 164, 30, 252, 6, 194, 173, 1, 196, 187, 2, 243, 55, 142, 188, 4, 224, 161, 2, 218, 126, 58, 239, 0, 225, 132, 13, 228, 148, 17, 254, 28, 178, 151, 22, 246, 118, 17, 242, 88, 92, 217, 4, 246, 90, 39, 249, 106, 42, 254, 9, 209, 113, 50, 255, 76, 44, 254, 53, 129, 187, 20, 255, 53, 75, 255, 66, 76, 243, 0, 234, 76, 86, 250, 40, 81, 253, 25, 166, 153, 45, 252, 24, 116, 248, 33, 114, 222, 2, 250, 43, 126, 232, 14, 123, 240, 7, 199, 116, 76, 238, 5, 159, 226, 10, 155, 192, 14, 255, 19, 165, 202, 1, 165, 214, 0, 227, 80, 112, 213, 0, 198, 193, 0, 192, 156, 36, 250, 4, 201, 165, 2, 204, 179, 5, 246, 48, 150, 181, 7, 229, 153, 4, 224, 118, 65, 235, 0, 230, 123, 18, 234, 139, 21, 255, 23, 185, 143, 27, 249, 109, 22, 245, 80, 100, 211, 7, 249, 82, 46, 251, 97, 48, 253, 6, 215, 105, 57, 255, 68, 51, 255, 47, 137, 180, 24, 255, 46, 83, 255, 58, 83, 239, 0, 238, 68, 94, 248, 34, 89, 252, 20, 173, 145, 51, 250, 19, 125, 244, 27, 123, 216, 4, 252, 37, 134, 227, 10, 132, 235, 4, 206, 108, 84, 233, 3, 168, 220, 7, 163, 185, 18, 255, 15, 173, 195, 0, 174, 207, 0, 232, 73, 120, 207, 0, 206, 185, 0, 200, 148, 41, 248, 2, 208, 156, 4, 211, 171, 7, 249, 42, 157, 173, 10, 235, 144, 6, 229, 110, 72, 231, 0, 235, 114, 23, 238, 130, 26, 255, 19, 192, 135, 33, 252, 100, 27, 249, 73, 107, 205, 10, 251, 74, 53, 253, 88, 55, 251, 4, 221, 97, 64, 255, 60, 59, 255, 40, 145, 173, 29, 255, 39, 92, 254, 51, 92, 235, 0, 242, 61, 102, 244, 28, 98, 249, 16, 180, 137, 57, 248, 14, 134, 240, 22, 131, 210, 6, 254, 32, 143, 221, 7, 141, 230, 2, 212, 101, 91, 229, 1, 176, 213, 4, 171, 178, 22, 255, 11, 181, 187, 0, 182, 200, 0, 236, 66, 128, 200, 1, 213, 177, 0, 207, 140, 47, 245, 1, 214, 147 };
void setup() {
    pinMode(PWMpin,OUTPUT);
  }
void loop() {
  int i;
  for (i=0; i<arrSize; i++) {
    analogWrite(PWMpin,sineA[i]);
    delayMicroseconds(270);
  }
}
